[gd_scene load_steps=3 format=2]

[ext_resource path="res://scenes/Mainscene/newest_hallway.glb" type="PackedScene" id=1]
[ext_resource path="res://Camera.gd" type="Script" id=2]

[node name="newest_hallway" instance=ExtResource( 1 )]

[node name="SpotLight" type="SpotLight" parent="." index="97"]
transform = Transform( 1, 0, 0, 0, -0.0392773, 0.999228, 0, -0.999228, -0.0392773, -1.90803, 3.66452, 16.4298 )

[node name="SpotLight2" type="SpotLight" parent="." index="98"]
transform = Transform( 1, 0, 0, 0, -0.0392773, 0.999228, 0, -0.999228, -0.0392773, 0.177328, 3.66452, 16.4298 )

[node name="SpotLight3" type="SpotLight" parent="." index="99"]
transform = Transform( 1, 0, 0, 0, -0.0392773, 0.999228, 0, -0.999228, -0.0392773, 2.02955, 3.66452, 16.4298 )

[node name="SpotLight4" type="SpotLight" parent="." index="100"]
transform = Transform( 1, 0, 0, 0, -0.0392773, 0.999228, 0, -0.999228, -0.0392773, -1.90803, 3.66452, 16.4298 )

[node name="SpotLight5" type="SpotLight" parent="." index="101"]
transform = Transform( 1, 0, 0, 0, -0.0392773, 0.999228, 0, -0.999228, -0.0392773, 0.177328, 3.66452, 16.4298 )

[node name="SpotLight6" type="SpotLight" parent="." index="102"]
transform = Transform( 1, 0, 0, 0, -0.0392773, 0.999228, 0, -0.999228, -0.0392773, 2.02955, 3.66452, 16.4298 )

[node name="SpotLight127" type="SpotLight" parent="." index="103"]
transform = Transform( 1, 0, 0, 0, -0.0392773, 0.999228, 0, -0.999228, -0.0392773, -1.90803, 3.66452, 18.4619 )

[node name="SpotLight128" type="SpotLight" parent="." index="104"]
transform = Transform( 1, 0, 0, 0, -0.0392773, 0.999228, 0, -0.999228, -0.0392773, 0.177328, 3.66452, 18.4619 )

[node name="SpotLight129" type="SpotLight" parent="." index="105"]
transform = Transform( 1, 0, 0, 0, -0.0392773, 0.999228, 0, -0.999228, -0.0392773, 2.02955, 3.66452, 18.4619 )

[node name="SpotLight130" type="SpotLight" parent="." index="106"]
transform = Transform( 1, 0, 0, 0, -0.0392773, 0.999228, 0, -0.999228, -0.0392773, -1.90803, 3.66452, 18.4619 )

[node name="SpotLight131" type="SpotLight" parent="." index="107"]
transform = Transform( 1, 0, 0, 0, -0.0392773, 0.999228, 0, -0.999228, -0.0392773, 0.177328, 3.66452, 18.4619 )

[node name="SpotLight132" type="SpotLight" parent="." index="108"]
transform = Transform( 1, 0, 0, 0, -0.0392773, 0.999228, 0, -0.999228, -0.0392773, 2.02955, 3.66452, 18.4619 )

[node name="SpotLight7" type="SpotLight" parent="." index="109"]
transform = Transform( 1, 0, 0, 0, -0.0392773, 0.999228, 0, -0.999228, -0.0392773, -1.90803, 3.66452, 14.5446 )

[node name="SpotLight8" type="SpotLight" parent="." index="110"]
transform = Transform( 1, 0, 0, 0, -0.0392773, 0.999228, 0, -0.999228, -0.0392773, 0.177328, 3.66452, 14.5446 )

[node name="Camera" type="Camera" parent="." index="111"]
transform = Transform( 1, 0, 0, 0, 1, 0, 0, 0, 1, 0, 2.57606, 0 )
script = ExtResource( 2 )

[node name="SpotLight9" type="SpotLight" parent="." index="112"]
transform = Transform( 1, 0, 0, 0, -0.0392773, 0.999228, 0, -0.999228, -0.0392773, 2.02955, 3.66452, 14.5446 )

[node name="AnimationPlayer" type="AnimationPlayer" parent="SpotLight9" index="0"]

[node name="SpotLight10" type="SpotLight" parent="." index="113"]
transform = Transform( 1, 0, 0, 0, -0.0392773, 0.999228, 0, -0.999228, -0.0392773, -1.90803, 3.66452, 14.5446 )

[node name="SpotLight11" type="SpotLight" parent="." index="114"]
transform = Transform( 1, 0, 0, 0, -0.0392773, 0.999228, 0, -0.999228, -0.0392773, 0.177328, 3.66452, 14.5446 )

[node name="SpotLight13" type="SpotLight" parent="." index="115"]
transform = Transform( 1, 0, 0, 0, -0.0392773, 0.999228, 0, -0.999228, -0.0392773, -1.90803, 3.66452, 12.5873 )

[node name="SpotLight14" type="SpotLight" parent="." index="116"]
transform = Transform( 1, 0, 0, 0, -0.0392773, 0.999228, 0, -0.999228, -0.0392773, 0.177328, 3.66452, 12.5873 )

[node name="SpotLight15" type="SpotLight" parent="." index="117"]
transform = Transform( 1, 0, 0, 0, -0.0392773, 0.999228, 0, -0.999228, -0.0392773, 2.02955, 3.66452, 12.5873 )

[node name="SpotLight16" type="SpotLight" parent="." index="118"]
transform = Transform( 1, 0, 0, 0, -0.0392773, 0.999228, 0, -0.999228, -0.0392773, -1.90803, 3.66452, 12.5873 )

[node name="SpotLight17" type="SpotLight" parent="." index="119"]
transform = Transform( 1, 0, 0, 0, -0.0392773, 0.999228, 0, -0.999228, -0.0392773, 0.177328, 3.66452, 12.5873 )

[node name="SpotLight18" type="SpotLight" parent="." index="120"]
transform = Transform( 1, 0, 0, 0, -0.0392773, 0.999228, 0, -0.999228, -0.0392773, 2.02955, 3.66452, 12.5873 )

[node name="SpotLight19" type="SpotLight" parent="." index="121"]
transform = Transform( 1, 0, 0, 0, -0.0392773, 0.999228, 0, -0.999228, -0.0392773, -1.90803, 3.66452, 10.7574 )

[node name="SpotLight20" type="SpotLight" parent="." index="122"]
transform = Transform( 1, 0, 0, 0, -0.0392773, 0.999228, 0, -0.999228, -0.0392773, 0.177328, 3.66452, 10.7574 )

[node name="SpotLight21" type="SpotLight" parent="." index="123"]
transform = Transform( 1, 0, 0, 0, -0.0392773, 0.999228, 0, -0.999228, -0.0392773, 2.02955, 3.66452, 10.7574 )

[node name="SpotLight22" type="SpotLight" parent="." index="124"]
transform = Transform( 1, 0, 0, 0, -0.0392773, 0.999228, 0, -0.999228, -0.0392773, -1.90803, 3.66452, 9.14441 )

[node name="SpotLight23" type="SpotLight" parent="." index="125"]
transform = Transform( 1, 0, 0, 0, -0.0392773, 0.999228, 0, -0.999228, -0.0392773, 0.177328, 3.66452, 10.7574 )

[node name="SpotLight24" type="SpotLight" parent="." index="126"]
transform = Transform( 1, 0, 0, 0, -0.0392773, 0.999228, 0, -0.999228, -0.0392773, 2.02955, 3.66452, 10.7574 )

[node name="SpotLight25" type="SpotLight" parent="." index="127"]
transform = Transform( 1, 0, 0, 0, -0.0392773, 0.999228, 0, -0.999228, -0.0392773, -1.90803, 3.66452, 10.7574 )

[node name="SpotLight26" type="SpotLight" parent="." index="128"]
transform = Transform( 1, 0, 0, 0, -0.0392773, 0.999228, 0, -0.999228, -0.0392773, 0.177328, 3.66452, 9.14441 )

[node name="SpotLight27" type="SpotLight" parent="." index="129"]
transform = Transform( 1, 0, 0, 0, -0.0392773, 0.999228, 0, -0.999228, -0.0392773, 2.02955, 3.66452, 9.14441 )

[node name="SpotLight28" type="SpotLight" parent="." index="130"]
transform = Transform( 1, 0, 0, 0, -0.0392773, 0.999228, 0, -0.999228, -0.0392773, -1.90803, 3.66452, 9.14441 )

[node name="SpotLight29" type="SpotLight" parent="." index="131"]
transform = Transform( 1, 0, 0, 0, -0.0392773, 0.999228, 0, -0.999228, -0.0392773, 0.177328, 3.66452, 9.14441 )

[node name="SpotLight30" type="SpotLight" parent="." index="132"]
transform = Transform( 1, 0, 0, 0, -0.0392773, 0.999228, 0, -0.999228, -0.0392773, 2.02955, 3.66452, 9.14441 )

[node name="SpotLight31" type="SpotLight" parent="." index="133"]
transform = Transform( 1, 0, 0, 0, -0.0392773, 0.999228, 0, -0.999228, -0.0392773, -1.90803, 3.66452, 7.47485 )

[node name="SpotLight32" type="SpotLight" parent="." index="134"]
transform = Transform( 1, 0, 0, 0, -0.0392773, 0.999228, 0, -0.999228, -0.0392773, 0.177328, 3.66452, 7.47485 )

[node name="SpotLight33" type="SpotLight" parent="." index="135"]
transform = Transform( 1, 0, 0, 0, -0.0392773, 0.999228, 0, -0.999228, -0.0392773, 2.02955, 3.66452, 7.47485 )

[node name="SpotLight34" type="SpotLight" parent="." index="136"]
transform = Transform( 1, 0, 0, 0, -0.0392773, 0.999228, 0, -0.999228, -0.0392773, -1.90803, 3.66452, 7.47485 )

[node name="SpotLight35" type="SpotLight" parent="." index="137"]
transform = Transform( 1, 0, 0, 0, -0.0392773, 0.999228, 0, -0.999228, -0.0392773, 0.177328, 3.66452, 7.47485 )

[node name="SpotLight36" type="SpotLight" parent="." index="138"]
transform = Transform( 1, 0, 0, 0, -0.0392773, 0.999228, 0, -0.999228, -0.0392773, 2.02955, 3.66452, 7.47485 )

[node name="SpotLight37" type="SpotLight" parent="." index="139"]
transform = Transform( 1, 0, 0, 0, -0.0392773, 0.999228, 0, -0.999228, -0.0392773, -1.90803, 3.66452, 5.78982 )

[node name="SpotLight38" type="SpotLight" parent="." index="140"]
transform = Transform( 1, 0, 0, 0, -0.0392773, 0.999228, 0, -0.999228, -0.0392773, 0.177328, 3.66452, 5.78982 )

[node name="SpotLight39" type="SpotLight" parent="." index="141"]
transform = Transform( 1, 0, 0, 0, -0.0392773, 0.999228, 0, -0.999228, -0.0392773, 2.02955, 3.66452, 5.78982 )

[node name="SpotLight40" type="SpotLight" parent="." index="142"]
transform = Transform( 1, 0, 0, 0, -0.0392773, 0.999228, 0, -0.999228, -0.0392773, -1.90803, 3.66452, 5.78982 )

[node name="SpotLight41" type="SpotLight" parent="." index="143"]
transform = Transform( 1, 0, 0, 0, -0.0392773, 0.999228, 0, -0.999228, -0.0392773, 0.177328, 3.66452, 5.78982 )

[node name="SpotLight42" type="SpotLight" parent="." index="144"]
transform = Transform( 1, 0, 0, 0, -0.0392773, 0.999228, 0, -0.999228, -0.0392773, 2.02955, 3.66452, 5.78982 )

[node name="SpotLight43" type="SpotLight" parent="." index="145"]
transform = Transform( 1, 0, 0, 0, -0.0392773, 0.999228, 0, -0.999228, -0.0392773, -1.90803, 3.66452, 4.19441 )

[node name="SpotLight44" type="SpotLight" parent="." index="146"]
transform = Transform( 1, 0, 0, 0, -0.0392773, 0.999228, 0, -0.999228, -0.0392773, 0.177328, 3.66452, 4.19441 )

[node name="SpotLight45" type="SpotLight" parent="." index="147"]
transform = Transform( 1, 0, 0, 0, -0.0392773, 0.999228, 0, -0.999228, -0.0392773, 2.02955, 3.66452, 4.19441 )

[node name="SpotLight49" type="SpotLight" parent="." index="148"]
transform = Transform( 1, 0, 0, 0, -0.0392773, 0.999228, 0, -0.999228, -0.0392773, -1.90803, 3.66452, 0.342151 )

[node name="SpotLight50" type="SpotLight" parent="." index="149"]
transform = Transform( 1, 0, 0, 0, -0.0392773, 0.999228, 0, -0.999228, -0.0392773, 0.177328, 3.66452, 0.342151 )

[node name="SpotLight51" type="SpotLight" parent="." index="150"]
transform = Transform( 1, 0, 0, 0, -0.0392773, 0.999228, 0, -0.999228, -0.0392773, 2.02955, 3.66452, 0.342151 )

[node name="SpotLight58" type="SpotLight" parent="." index="151"]
transform = Transform( 1, 0, 0, 0, -0.0392773, 0.999228, 0, -0.999228, -0.0392773, -1.90803, 3.66452, 0.342151 )

[node name="SpotLight59" type="SpotLight" parent="." index="152"]
transform = Transform( 1, 0, 0, 0, -0.0392773, 0.999228, 0, -0.999228, -0.0392773, 0.177328, 3.66452, 0.342151 )

[node name="SpotLight60" type="SpotLight" parent="." index="153"]
transform = Transform( 1, 0, 0, 0, -0.0392773, 0.999228, 0, -0.999228, -0.0392773, 2.02955, 3.66452, 0.342151 )

[node name="SpotLight61" type="SpotLight" parent="." index="154"]
transform = Transform( 1, 0, 0, 0, -0.0392773, 0.999228, 0, -0.999228, -0.0392773, -1.90803, 3.66452, -1.72368 )

[node name="SpotLight62" type="SpotLight" parent="." index="155"]
transform = Transform( 1, 0, 0, 0, -0.0392773, 0.999228, 0, -0.999228, -0.0392773, 0.177328, 3.66452, -1.72368 )

[node name="SpotLight63" type="SpotLight" parent="." index="156"]
transform = Transform( 1, 0, 0, 0, -0.0392773, 0.999228, 0, -0.999228, -0.0392773, 2.02955, 3.66452, -1.72368 )

[node name="SpotLight64" type="SpotLight" parent="." index="157"]
transform = Transform( 1, 0, 0, 0, -0.0392773, 0.999228, 0, -0.999228, -0.0392773, -1.90803, 3.66452, -1.72368 )

[node name="SpotLight65" type="SpotLight" parent="." index="158"]
transform = Transform( 1, 0, 0, 0, -0.0392773, 0.999228, 0, -0.999228, -0.0392773, 0.177328, 3.66452, -1.72368 )

[node name="SpotLight66" type="SpotLight" parent="." index="159"]
transform = Transform( 1, 0, 0, 0, -0.0392773, 0.999228, 0, -0.999228, -0.0392773, 2.02955, 3.66452, -1.72368 )

[node name="SpotLight67" type="SpotLight" parent="." index="160"]
transform = Transform( 1, 0, 0, 0, -0.0392773, 0.999228, 0, -0.999228, -0.0392773, -1.90803, 3.66452, -3.64361 )

[node name="SpotLight68" type="SpotLight" parent="." index="161"]
transform = Transform( 1, 0, 0, 0, -0.0392773, 0.999228, 0, -0.999228, -0.0392773, 0.177328, 3.66452, -3.64361 )

[node name="SpotLight69" type="SpotLight" parent="." index="162"]
transform = Transform( 1, 0, 0, 0, -0.0392773, 0.999228, 0, -0.999228, -0.0392773, 2.02955, 3.66452, -3.64361 )

[node name="SpotLight70" type="SpotLight" parent="." index="163"]
transform = Transform( 1, 0, 0, 0, -0.0392773, 0.999228, 0, -0.999228, -0.0392773, -1.90803, 3.66452, -3.64361 )

[node name="SpotLight71" type="SpotLight" parent="." index="164"]
transform = Transform( 1, 0, 0, 0, -0.0392773, 0.999228, 0, -0.999228, -0.0392773, 0.177328, 3.66452, -3.64361 )

[node name="SpotLight72" type="SpotLight" parent="." index="165"]
transform = Transform( 1, 0, 0, 0, -0.0392773, 0.999228, 0, -0.999228, -0.0392773, 2.02955, 3.66452, -3.64361 )

[node name="SpotLight73" type="SpotLight" parent="." index="166"]
transform = Transform( 1, 0, 0, 0, -0.0392773, 0.999228, 0, -0.999228, -0.0392773, -1.90803, 3.66452, -5.4963 )

[node name="SpotLight74" type="SpotLight" parent="." index="167"]
transform = Transform( 1, 0, 0, 0, -0.0392773, 0.999228, 0, -0.999228, -0.0392773, 0.177328, 3.66452, -5.4963 )

[node name="SpotLight75" type="SpotLight" parent="." index="168"]
transform = Transform( 1, 0, 0, 0, -0.0392773, 0.999228, 0, -0.999228, -0.0392773, 2.02955, 3.66452, -5.4963 )

[node name="SpotLight76" type="SpotLight" parent="." index="169"]
transform = Transform( 1, 0, 0, 0, -0.0392773, 0.999228, 0, -0.999228, -0.0392773, -1.90803, 3.66452, -5.4963 )

[node name="SpotLight77" type="SpotLight" parent="." index="170"]
transform = Transform( 1, 0, 0, 0, -0.0392773, 0.999228, 0, -0.999228, -0.0392773, 0.177328, 3.66452, -5.4963 )

[node name="SpotLight78" type="SpotLight" parent="." index="171"]
transform = Transform( 1, 0, 0, 0, -0.0392773, 0.999228, 0, -0.999228, -0.0392773, 2.02955, 3.66452, -5.4963 )

[node name="SpotLight79" type="SpotLight" parent="." index="172"]
transform = Transform( 1, 0, 0, 0, -0.0392773, 0.999228, 0, -0.999228, -0.0392773, -1.90803, 3.66452, -7.17699 )

[node name="SpotLight80" type="SpotLight" parent="." index="173"]
transform = Transform( 1, 0, 0, 0, -0.0392773, 0.999228, 0, -0.999228, -0.0392773, 0.177328, 3.66452, -7.17699 )

[node name="SpotLight81" type="SpotLight" parent="." index="174"]
transform = Transform( 1, 0, 0, 0, -0.0392773, 0.999228, 0, -0.999228, -0.0392773, 2.02955, 3.66452, -7.17699 )

[node name="SpotLight82" type="SpotLight" parent="." index="175"]
transform = Transform( 1, 0, 0, 0, -0.0392773, 0.999228, 0, -0.999228, -0.0392773, -1.90803, 3.66452, -7.17699 )

[node name="SpotLight83" type="SpotLight" parent="." index="176"]
transform = Transform( 1, 0, 0, 0, -0.0392773, 0.999228, 0, -0.999228, -0.0392773, 0.177328, 3.66452, -7.17699 )

[node name="SpotLight84" type="SpotLight" parent="." index="177"]
transform = Transform( 1, 0, 0, 0, -0.0392773, 0.999228, 0, -0.999228, -0.0392773, 2.02955, 3.66452, -7.17699 )

[node name="SpotLight85" type="SpotLight" parent="." index="178"]
transform = Transform( 1, 0, 0, 0, -0.0392773, 0.999228, 0, -0.999228, -0.0392773, -1.90803, 3.66452, -8.95813 )

[node name="SpotLight86" type="SpotLight" parent="." index="179"]
transform = Transform( 1, 0, 0, 0, -0.0392773, 0.999228, 0, -0.999228, -0.0392773, 0.177328, 3.66452, -8.95813 )

[node name="SpotLight87" type="SpotLight" parent="." index="180"]
transform = Transform( 1, 0, 0, 0, -0.0392773, 0.999228, 0, -0.999228, -0.0392773, 2.02955, 3.66452, -8.95813 )

[node name="SpotLight88" type="SpotLight" parent="." index="181"]
transform = Transform( 1, 0, 0, 0, -0.0392773, 0.999228, 0, -0.999228, -0.0392773, -1.90803, 3.66452, -8.95813 )

[node name="SpotLight89" type="SpotLight" parent="." index="182"]
transform = Transform( 1, 0, 0, 0, -0.0392773, 0.999228, 0, -0.999228, -0.0392773, 0.177328, 3.66452, -8.95813 )

[node name="SpotLight90" type="SpotLight" parent="." index="183"]
transform = Transform( 1, 0, 0, 0, -0.0392773, 0.999228, 0, -0.999228, -0.0392773, 2.02955, 3.66452, -8.95813 )

[node name="SpotLight91" type="SpotLight" parent="." index="184"]
transform = Transform( 1, 0, 0, 0, -0.0392773, 0.999228, 0, -0.999228, -0.0392773, -1.90803, 3.66452, -10.6748 )

[node name="SpotLight92" type="SpotLight" parent="." index="185"]
transform = Transform( 1, 0, 0, 0, -0.0392773, 0.999228, 0, -0.999228, -0.0392773, 0.177328, 3.66452, -10.6748 )

[node name="SpotLight93" type="SpotLight" parent="." index="186"]
transform = Transform( 1, 0, 0, 0, -0.0392773, 0.999228, 0, -0.999228, -0.0392773, 2.02955, 3.66452, -10.6748 )

[node name="SpotLight94" type="SpotLight" parent="." index="187"]
transform = Transform( 1, 0, 0, 0, -0.0392773, 0.999228, 0, -0.999228, -0.0392773, -1.90803, 3.66452, -10.6748 )

[node name="SpotLight95" type="SpotLight" parent="." index="188"]
transform = Transform( 1, 0, 0, 0, -0.0392773, 0.999228, 0, -0.999228, -0.0392773, 0.177328, 3.66452, -10.6748 )

[node name="SpotLight96" type="SpotLight" parent="." index="189"]
transform = Transform( 1, 0, 0, 0, -0.0392773, 0.999228, 0, -0.999228, -0.0392773, 2.02955, 3.66452, -10.6748 )

[node name="SpotLight97" type="SpotLight" parent="." index="190"]
transform = Transform( 1, 0, 0, 0, -0.0392773, 0.999228, 0, -0.999228, -0.0392773, -1.90803, 3.66452, -12.5962 )

[node name="SpotLight98" type="SpotLight" parent="." index="191"]
transform = Transform( 1, 0, 0, 0, -0.0392773, 0.999228, 0, -0.999228, -0.0392773, 0.177328, 3.66452, -12.5962 )

[node name="SpotLight99" type="SpotLight" parent="." index="192"]
transform = Transform( 1, 0, 0, 0, -0.0392773, 0.999228, 0, -0.999228, -0.0392773, 2.02955, 3.66452, -12.5962 )

[node name="SpotLight100" type="SpotLight" parent="." index="193"]
transform = Transform( 1, 0, 0, 0, -0.0392773, 0.999228, 0, -0.999228, -0.0392773, -1.90803, 3.66452, -12.5962 )

[node name="SpotLight101" type="SpotLight" parent="." index="194"]
transform = Transform( 1, 0, 0, 0, -0.0392773, 0.999228, 0, -0.999228, -0.0392773, 0.177328, 3.66452, -12.5962 )

[node name="SpotLight102" type="SpotLight" parent="." index="195"]
transform = Transform( 1, 0, 0, 0, -0.0392773, 0.999228, 0, -0.999228, -0.0392773, 2.02955, 3.66452, -12.5962 )

[node name="SpotLight103" type="SpotLight" parent="." index="196"]
transform = Transform( 1, 0, 0, 0, -0.0392773, 0.999228, 0, -0.999228, -0.0392773, -1.90803, 3.66452, -14.2029 )

[node name="SpotLight104" type="SpotLight" parent="." index="197"]
transform = Transform( 1, 0, 0, 0, -0.0392773, 0.999228, 0, -0.999228, -0.0392773, 0.177328, 3.66452, -14.2029 )

[node name="SpotLight105" type="SpotLight" parent="." index="198"]
transform = Transform( 1, 0, 0, 0, -0.0392773, 0.999228, 0, -0.999228, -0.0392773, 2.02955, 3.66452, -14.2029 )

[node name="SpotLight106" type="SpotLight" parent="." index="199"]
transform = Transform( 1, 0, 0, 0, -0.0392773, 0.999228, 0, -0.999228, -0.0392773, -1.90803, 3.66452, -14.2029 )

[node name="SpotLight107" type="SpotLight" parent="." index="200"]
transform = Transform( 1, 0, 0, 0, -0.0392773, 0.999228, 0, -0.999228, -0.0392773, 0.177328, 3.66452, -14.2029 )

[node name="SpotLight108" type="SpotLight" parent="." index="201"]
transform = Transform( 1, 0, 0, 0, -0.0392773, 0.999228, 0, -0.999228, -0.0392773, 2.02955, 3.66452, -14.2029 )

[node name="SpotLight109" type="SpotLight" parent="." index="202"]
transform = Transform( 1, 0, 0, 0, -0.0392773, 0.999228, 0, -0.999228, -0.0392773, -1.90803, 3.66452, -15.8212 )

[node name="SpotLight110" type="SpotLight" parent="." index="203"]
transform = Transform( 1, 0, 0, 0, -0.0392773, 0.999228, 0, -0.999228, -0.0392773, 0.177328, 3.66452, -15.8212 )

[node name="SpotLight111" type="SpotLight" parent="." index="204"]
transform = Transform( 1, 0, 0, 0, -0.0392773, 0.999228, 0, -0.999228, -0.0392773, 2.02955, 3.66452, -15.8212 )

[node name="SpotLight112" type="SpotLight" parent="." index="205"]
transform = Transform( 1, 0, 0, 0, -0.0392773, 0.999228, 0, -0.999228, -0.0392773, -1.90803, 3.66452, -15.8212 )

[node name="SpotLight113" type="SpotLight" parent="." index="206"]
transform = Transform( 1, 0, 0, 0, -0.0392773, 0.999228, 0, -0.999228, -0.0392773, 0.177328, 3.66452, -15.8212 )

[node name="SpotLight114" type="SpotLight" parent="." index="207"]
transform = Transform( 1, 0, 0, 0, -0.0392773, 0.999228, 0, -0.999228, -0.0392773, 2.02955, 3.66452, -15.8212 )

[node name="SpotLight115" type="SpotLight" parent="." index="208"]
transform = Transform( 1, 0, 0, 0, -0.0392773, 0.999228, 0, -0.999228, -0.0392773, -1.90803, 3.66452, -17.3243 )

[node name="SpotLight116" type="SpotLight" parent="." index="209"]
transform = Transform( 1, 0, 0, 0, -0.0392773, 0.999228, 0, -0.999228, -0.0392773, 0.177328, 3.66452, -17.3243 )

[node name="SpotLight117" type="SpotLight" parent="." index="210"]
transform = Transform( 1, 0, 0, 0, -0.0392773, 0.999228, 0, -0.999228, -0.0392773, 2.02955, 3.66452, -17.3243 )

[node name="SpotLight118" type="SpotLight" parent="." index="211"]
transform = Transform( 1, 0, 0, 0, -0.0392773, 0.999228, 0, -0.999228, -0.0392773, -1.90803, 3.66452, -17.3243 )

[node name="SpotLight119" type="SpotLight" parent="." index="212"]
transform = Transform( 1, 0, 0, 0, -0.0392773, 0.999228, 0, -0.999228, -0.0392773, 0.177328, 3.66452, -17.3243 )

[node name="SpotLight120" type="SpotLight" parent="." index="213"]
transform = Transform( 1, 0, 0, 0, -0.0392773, 0.999228, 0, -0.999228, -0.0392773, 2.02955, 3.66452, -17.3243 )

[node name="SpotLight121" type="SpotLight" parent="." index="214"]
transform = Transform( 1, 0, 0, 0, -0.0392773, 0.999228, 0, -0.999228, -0.0392773, -1.90803, 3.66452, -17.3243 )

[node name="SpotLight122" type="SpotLight" parent="." index="215"]
transform = Transform( 1, 0, 0, 0, -0.0392773, 0.999228, 0, -0.999228, -0.0392773, 0.177328, 3.66452, -17.3243 )

[node name="SpotLight123" type="SpotLight" parent="." index="216"]
transform = Transform( 1, 0, 0, 0, -0.0392773, 0.999228, 0, -0.999228, -0.0392773, 2.02955, 3.66452, -17.3243 )

[node name="SpotLight124" type="SpotLight" parent="." index="217"]
transform = Transform( 1, 0, 0, 0, -0.0392773, 0.999228, 0, -0.999228, -0.0392773, -1.90803, 3.66452, -17.3243 )

[node name="SpotLight125" type="SpotLight" parent="." index="218"]
transform = Transform( 1, 0, 0, 0, -0.0392773, 0.999228, 0, -0.999228, -0.0392773, 0.177328, 3.66452, -17.3243 )

[node name="SpotLight126" type="SpotLight" parent="." index="219"]
transform = Transform( 1, 0, 0, 0, -0.0392773, 0.999228, 0, -0.999228, -0.0392773, 2.02955, 3.66452, -17.3243 )

[node name="SpotLight52" type="SpotLight" parent="." index="220"]
transform = Transform( 1, 0, 0, 0, -0.0392773, 0.999228, 0, -0.999228, -0.0392773, -1.90803, 3.66452, 2.23062 )

[node name="SpotLight53" type="SpotLight" parent="." index="221"]
transform = Transform( 1, 0, 0, 0, -0.0392773, 0.999228, 0, -0.999228, -0.0392773, 0.177328, 3.66452, 2.23062 )

[node name="SpotLight54" type="SpotLight" parent="." index="222"]
transform = Transform( 1, 0, 0, 0, -0.0392773, 0.999228, 0, -0.999228, -0.0392773, 2.02955, 3.66452, 2.23062 )

[node name="SpotLight55" type="SpotLight" parent="." index="223"]
transform = Transform( 1, 0, 0, 0, -0.0392773, 0.999228, 0, -0.999228, -0.0392773, -1.90803, 3.66452, 2.23062 )

[node name="SpotLight56" type="SpotLight" parent="." index="224"]
transform = Transform( 1, 0, 0, 0, -0.0392773, 0.999228, 0, -0.999228, -0.0392773, 0.177328, 3.66452, 2.23062 )

[node name="SpotLight57" type="SpotLight" parent="." index="225"]
transform = Transform( 1, 0, 0, 0, -0.0392773, 0.999228, 0, -0.999228, -0.0392773, 2.02955, 3.66452, 2.23062 )

[node name="SpotLight46" type="SpotLight" parent="." index="226"]
transform = Transform( 1, 0, 0, 0, -0.0392773, 0.999228, 0, -0.999228, -0.0392773, -1.90803, 3.66452, 4.19441 )

[node name="SpotLight47" type="SpotLight" parent="." index="227"]
transform = Transform( 1, 0, 0, 0, -0.0392773, 0.999228, 0, -0.999228, -0.0392773, 0.177328, 3.66452, 4.19441 )

[node name="SpotLight48" type="SpotLight" parent="." index="228"]
transform = Transform( 1, 0, 0, 0, -0.0392773, 0.999228, 0, -0.999228, -0.0392773, 2.02955, 3.66452, 4.19441 )
